dx:0.00000000005 n:1
result:3.141592
Time:58 s

dx:0.00000000005 n:2
result:3.141592
Time:30 s

dx:0.00000000005 n:10
result:3.141594
Time:14 s

