	REAL_TIME: 3.670000l
	USER_TIME: 0.250000l
	SYSTEM_TIME: 3.400000l
