	REAL_TIME: 3.570000l
	USER_TIME: 0.350000l
	SYSTEM_TIME: 3.190000l
