	REAL_TIME: 0.020000l
	USER_TIME: 0.010000l
	SYSTEM_TIME: 0.000000l
