dx:0.000000000500 n:1
Result: 3.141593
Time:8 s

dx:0.000000000500 n:2
Result: 3.141592
Time:3 s

dx:0.000000000500 n:10
Result: 3.141594
Time:2 s

