	REAL_TIME: 0.000000l
	USER_TIME: 0.000000l
	SYSTEM_TIME: 0.000000l
