	REAL_TIME: 0.030000l
	USER_TIME: 0.030000l
	SYSTEM_TIME: 0.000000l
